5.499999999999999 10.5
6.1470476127563005 7.914814565722671
7.9999999999999964 9.830127018922195
7.267766952966367 7.267766952966371
9.83012701892219 8.000000000000005
7.91481456572267 6.147047612756307
10.5 5.500000000000011
7.914814565722672 4.852952387243704
9.8301270189222 3.0000000000000115
7.267766952966374 3.7322330470336365
8.000000000000014 1.169872981077815
6.147047612756311 3.0851854342773324
5.5000000000000195 0.5
4.852952387243708 3.0851854342773266
3.0000000000000195 1.1698729810777946
3.7322330470336396 3.7322330470336227
1.169872981077819 2.9999999999999774
3.085185434277333 4.852952387243686
0.5 5.499999999999972
3.0851854342773253 6.147047612756287
1.169872981077791 7.9999999999999725
3.732233047033619 7.267766952966357
2.9999999999999702 9.830127018922177
4.852952387243681 7.914814565722666
5.499999999999999 10.5
